%YAML:1.0
EightangleName:
   - 0.33700004
   - 0.18680000
   - 0.17420003
   - 0.30160001
   - 0.41680011
   - 0.58719999
   - 0.
   - 0.
   - 0.
   - 0.
   - 0.15680000
   - 0.16040000
   - 0.14559998
   - 0.46120006
   - 0.
   - 0.
   - 0.
   - 0.
   - 0.
   - 0.
   - 0.09040000
   - 0.11340000
   - 0.12160002
   - 0.35859987
   - 0.
   - 0.
   - 0.
   - 0.
   - 0.
   - 0.
   - 0.09719998
   - 0.09560004
   - 0.29840010
   - 0.
   - 0.
   - 0.
   - 0.
   - 0.
   - 0.
   - 0.
   - 0.08520000
   - 0.
   - 0.
   - 0.
   - 0.
   - 0.
   - 0.
   - 0.
   - 0.
   - 0.
EightanglechaName:
   - 0.
   - 0.33000001
   - 0.11600000
   - 0.03519997
   - 0.25099999
   - 6.20004255e-003
   - 0.
   - 0.
   - 0.
   - 0.
   - 0.88519990
   - 0.11459997
   - 0.36660001
   - -2.81419992
   - 0.
   - 0.
   - 0.
   - 0.
   - 0.
   - 0.
   - 0.98660010
   - 0.13180001
   - 1.42559981
   - -2.78099990
   - 0.
   - 0.
   - 0.
   - 0.
   - 0.
   - 0.
   - 1.48559999
   - 1.48459995
   - -2.76679993
   - 0.
   - 0.
   - 0.
   - 0.
   - 0.
   - 0.
   - 0.
   - 3.29460001
   - 0.
   - 0.
   - 0.
   - 0.
   - 0.
   - 0.
   - 0.
   - 0.
   - 0.
EightanglecountName:
   - 4.59999990
   - 4.
   - 4.
   - 3.
   - 1.
FiveangleName:
   - 1.54559994
   - 0.19059999
   - 0.17859998
   - 0.18760000
   - 0.17920002
   - 0.
   - 0.
   - 0.
   - 0.
   - 0.
   - 0.22080001
   - 0.15620001
   - 0.16180001
   - 0.14600000
   - 0.14000000
   - 0.50980008
   - 0.
   - 0.
   - 0.
   - 0.
   - 0.10680000
   - 0.11480000
   - 0.12940004
   - 0.10219999
   - 0.11499999
   - 0.39679995
   - 0.
   - 0.
   - 0.
   - 0.
   - 0.09860001
   - 0.09800001
   - 0.13760003
   - 0.32360005
   - 0.
   - 0.
   - 0.
   - 0.
   - 0.
   - 0.
   - 0.07699999
   - 0.11520000
   - 0.22219996
   - 0.19919994
   - 0.
   - 0.
   - 0.
   - 0.
   - 0.
   - 0.
FiveanglechaName:
   - 0.
   - 0.36240000
   - 0.13600001
   - 0.06919999
   - 0.06720001
   - 0.
   - 0.
   - 0.
   - 0.
   - 0.
   - 0.75179994
   - 0.16199999
   - 0.08700002
   - 0.06479999
   - 0.74400002
   - -0.96320009
   - 0.
   - 0.
   - 0.
   - 0.
   - 0.93620002
   - 0.12719998
   - 0.09579999
   - 0.08959998
   - 1.02839994
   - -2.24679995
   - 0.
   - 0.
   - 0.
   - 0.
   - 1.46179998
   - 0.09939999
   - -0.47180003
   - -2.77699995
   - 0.
   - 0.
   - 0.
   - 0.
   - 0.
   - 0.
   - 1.50560009
   - 0.27960002
   - -1.93959999
   - -2.20639992
   - 0.
   - 0.
   - 0.
   - 0.
   - 0.
   - 0.
FiveanglecountName:
   - 4.
   - 5.80000019
   - 6.
   - 3.79999995
   - 3.
FourangleName:
   - 0.21960001
   - 0.19039999
   - 0.19140001
   - 0.18379998
   - 0.75059998
   - 0.
   - 0.
   - 0.
   - 0.
   - 0.
   - 0.16840000
   - 0.15660000
   - 0.13460000
   - 0.12980002
   - 0.50340003
   - 0.
   - 0.
   - 0.
   - 0.
   - 0.
   - 0.12600000
   - 0.12420003
   - 0.10720001
   - 0.11079995
   - 0.39839998
   - 0.
   - 0.
   - 0.
   - 0.
   - 0.
   - 0.10000000
   - 0.10199998
   - 0.09260000
   - 0.32079998
   - 0.
   - 0.
   - 0.
   - 0.
   - 0.
   - 0.
   - 0.08159999
   - 0.15720001
   - 0.15060000
   - 0.22000012
   - 0.
   - 0.
   - 0.
   - 0.
   - 0.
   - 0.
FouranglechaName:
   - 0.89700001
   - 0.06780001
   - 0.06740000
   - 0.90359992
   - -2.49679995
   - 0.
   - 0.
   - 0.
   - 0.
   - 0.
   - 1.15639997
   - 0.07359999
   - 0.08400001
   - 0.84179991
   - -1.76180005
   - 0.
   - 0.
   - 0.
   - 0.
   - 0.
   - 1.27000010
   - 0.10259999
   - 0.07959999
   - 1.14259994
   - -2.87700009
   - 0.
   - 0.
   - 0.
   - 0.
   - 0.
   - 1.36200011
   - 0.10380002
   - 1.10860002
   - -2.83500004
   - 0.
   - 0.
   - 0.
   - 0.
   - 0.
   - 0.
   - 1.42180002
   - -1.05519998
   - 0.29099995
   - -2.24560022
   - 0.
   - 0.
   - 0.
   - 0.
   - 0.
   - 0.
FouranglecountName:
   - 5.
   - 5.
   - 5.
   - 4.
   - 2.79999995
NightangleName:
   - 1.05419993
   - 0.59120005
   - 0.
   - 0.
   - 0.
   - 0.
   - 0.
   - 0.
   - 0.
   - 0.
   - 0.81980002
   - 0.44579992
   - 0.
   - 0.
   - 0.
   - 0.
   - 0.
   - 0.
   - 0.
   - 0.
   - 0.12780002
   - 0.15439996
   - 0.38239998
   - 0.
   - 0.
   - 0.
   - 0.
   - 0.
   - 0.
   - 0.
   - 0.16280003
   - 0.31639996
   - 0.
   - 0.
   - 0.
   - 0.
   - 0.
   - 0.
   - 0.
   - 0.
   - 0.24319999
   - 0.26539999
   - 0.
   - 0.
   - 0.
   - 0.
   - 0.
   - 0.
   - 0.
   - 0.
NightanglechaName:
   - 0.97419995
   - -2.22779989
   - 0.
   - 0.
   - 0.
   - 0.
   - 0.
   - 0.
   - 0.
   - 0.
   - 1.13419998
   - -2.17279983
   - 0.
   - 0.
   - 0.
   - 0.
   - 0.
   - 0.
   - 0.
   - 0.
   - 1.45299995
   - 1.28359997
   - -2.70000029
   - 0.
   - 0.
   - 0.
   - 0.
   - 0.
   - 0.
   - 0.
   - 1.75620008
   - -2.69179988
   - 0.
   - 0.
   - 0.
   - 0.
   - 0.
   - 0.
   - 0.
   - 0.
   - 1.58939993
   - -2.69339991
   - 0.
   - 0.
   - 0.
   - 0.
   - 0.
   - 0.
   - 0.
   - 0.
NightanglecountName:
   - 2.
   - 2.
   - 3.
   - 2.
   - 2.
OKangleName:
   - 1.42440009
   - 0.21980000
   - 0.20559999
   - 0.17699996
   - 0.57059997
   - 0.08760010
   - 0.
   - 0.
   - 0.
   - 0.
   - 0.22520003
   - 0.19760001
   - 0.16060001
   - 0.15600002
   - 0.14199999
   - 0.40940014
   - 0.09560004
   - 0.
   - 0.
   - 0.
   - 0.11600001
   - 0.10499998
   - 0.11640003
   - 0.40139994
   - 0.
   - 0.
   - 0.
   - 0.
   - 0.
   - 0.
   - 0.08759999
   - 0.08680000
   - 0.31819984
   - 0.
   - 0.
   - 0.
   - 0.
   - 0.
   - 0.
   - 0.
   - 0.07280000
   - 0.04299998
   - 0.05099998
   - 0.
   - 0.
   - 0.
   - 0.
   - 0.
   - 0.
   - 0.
OKanglechaName:
   - 0.
   - 0.14220002
   - 0.05700000
   - 0.04699998
   - 0.60659999
   - 7.99926755e-004
   - 0.
   - 0.
   - 0.
   - 0.
   - 0.80719995
   - 0.06919999
   - 0.17719999
   - 0.08340000
   - 0.56119996
   - -0.76500016
   - -0.56140006
   - 0.
   - 0.
   - 0.
   - 1.65600014
   - 0.07300001
   - 0.79200000
   - -2.75960016
   - 0.
   - 0.
   - 0.
   - 0.
   - 0.
   - 0.
   - 1.67660010
   - 0.10739999
   - -2.73640013
   - 0.
   - 0.
   - 0.
   - 0.
   - 0.
   - 0.
   - 0.
   - 1.90539992
   - 0.79460001
   - -1.52619994
   - 0.
   - 0.
   - 0.
   - 0.
   - 0.
   - 0.
   - 0.
OKanglecountName:
   - 3.79999995
   - 6.
   - 4.
   - 3.
   - 1.79999995
OneangleName:
   - 0.58440000
   - 0.39960003
   - 0.48119998
   - 0.
   - 0.
   - 0.
   - 0.
   - 0.
   - 0.
   - 0.
   - 0.16720000
   - 0.30559999
   - 0.43660006
   - 0.
   - 0.
   - 0.
   - 0.
   - 0.
   - 0.
   - 0.
   - 0.12040001
   - 0.34520000
   - 0.
   - 0.
   - 0.
   - 0.
   - 0.
   - 0.
   - 0.
   - 0.
   - 0.09360002
   - 0.
   - 0.
   - 0.
   - 0.
   - 0.
   - 0.
   - 0.
   - 0.
   - 0.
   - 0.07919996
   - 0.
   - 0.
   - 0.
   - 0.
   - 0.
   - 0.
   - 0.
   - 0.
   - 0.
OneanglechaName:
   - 1.12920010
   - -0.57360005
   - -2.35579991
   - 0.
   - 0.
   - 0.
   - 0.
   - 0.
   - 0.
   - 0.
   - 1.37500000
   - -1.10899997
   - -2.88899994
   - 0.
   - 0.
   - 0.
   - 0.
   - 0.
   - 0.
   - 0.
   - 1.45560002
   - -2.83680010
   - 0.
   - 0.
   - 0.
   - 0.
   - 0.
   - 0.
   - 0.
   - 0.
   - 3.15400004
   - 0.
   - 0.
   - 0.
   - 0.
   - 0.
   - 0.
   - 0.
   - 0.
   - 0.
   - 3.52020025
   - 0.
   - 0.
   - 0.
   - 0.
   - 0.
   - 0.
   - 0.
   - 0.
   - 0.
OneanglecountName:
   - 2.79999995
   - 2.40000010
   - 2.
   - 1.
   - 0.40000001
