%YAML:1.0
OneangleName:
   - 6.25400007e-01
   - 4.76800025e-01
   - 4.84599978e-01
   - 0.
   - 0.
   - 0.
   - 0.
   - 0.
   - 0.
   - 0.
   - 1.67999998e-01
   - 3.10000002e-01
   - 4.34599966e-01
   - 0.
   - 0.
   - 0.
   - 0.
   - 0.
   - 0.
   - 0.
   - 1.21600010e-01
   - 3.48000050e-01
   - 0.
   - 0.
   - 0.
   - 0.
   - 0.
   - 0.
   - 0.
   - 0.
   - 9.54000205e-02
   - 0.
   - 0.
   - 0.
   - 0.
   - 0.
   - 0.
   - 0.
   - 0.
   - 0.
   - 7.65999928e-02
   - 0.
   - 0.
   - 0.
   - 0.
   - 0.
   - 0.
   - 0.
   - 0.
   - 0.
OneanglechaName:
   - 1.12940001e+00
   - -1.16500008e+00
   - -2.35439992e+00
   - 0.
   - 0.
   - 0.
   - 0.
   - 0.
   - 0.
   - 0.
   - 1.37479997e+00
   - -1.41999984e+00
   - -2.88899994e+00
   - 0.
   - 0.
   - 0.
   - 0.
   - 0.
   - 0.
   - 0.
   - 1.45579994e+00
   - -2.83760023e+00
   - 0.
   - 0.
   - 0.
   - 0.
   - 0.
   - 0.
   - 0.
   - 0.
   - 3.15299988e+00
   - 0.
   - 0.
   - 0.
   - 0.
   - 0.
   - 0.
   - 0.
   - 0.
   - 0.
   - 3.51800013e+00
   - 0.
   - 0.
   - 0.
   - 0.
   - 0.
   - 0.
   - 0.
   - 0.
   - 0.
OneanglecountName:
   - 2.59999990e+00
   - 2.40000010e+00
   - 2.
   - 1.
   - 4.00000006e-01
TwoangleName:
   - 2.14600012e-01
   - 4.09399986e-01
   - 4.36599970e-01
   - 4.84600008e-01
   - 0.
   - 0.
   - 0.
   - 0.
   - 0.
   - 0.
   - 1.51799992e-01
   - 1.42399997e-01
   - 4.55399990e-01
   - 0.
   - 0.
   - 0.
   - 0.
   - 0.
   - 0.
   - 0.
   - 1.22800007e-01
   - 1.20600030e-01
   - 3.54400009e-01
   - 0.
   - 0.
   - 0.
   - 0.
   - 0.
   - 0.
   - 0.
   - 8.74000043e-02
   - 9.66000035e-02
   - 2.95799971e-01
   - 0.
   - 0.
   - 0.
   - 0.
   - 0.
   - 0.
   - 0.
   - 7.71999806e-02
   - 3.13999951e-02
   - 0.
   - 0.
   - 0.
   - 0.
   - 0.
   - 0.
   - 0.
   - 0.
TwoanglechaName:
   - 1.13339996e+00
   - 4.24000084e-01
   - -1.37399995e+00
   - -2.38880014e+00
   - 0.
   - 0.
   - 0.
   - 0.
   - 0.
   - 0.
   - 1.28239989e+00
   - 3.29799980e-01
   - -2.90920019e+00
   - 0.
   - 0.
   - 0.
   - 0.
   - 0.
   - 0.
   - 0.
   - 1.37280011e+00
   - 1.51619995e+00
   - -2.28439999e+00
   - 0.
   - 0.
   - 0.
   - 0.
   - 0.
   - 0.
   - 0.
   - 1.43500006e+00
   - 1.55539989e+00
   - -2.83019996e+00
   - 0.
   - 0.
   - 0.
   - 0.
   - 0.
   - 0.
   - 0.
   - 3.31660008e+00
   - -3.92600000e-01
   - 0.
   - 0.
   - 0.
   - 0.
   - 0.
   - 0.
   - 0.
   - 0.
TwoanglecountName:
   - 3.40000010e+00
   - 3.
   - 3.
   - 3.
   - 1.39999998e+00
ThreeangleName:
   - 2.15000004e-01
   - 1.84000000e-01
   - 3.79400015e-01
   - 7.06799984e-01
   - 0.
   - 0.
   - 0.
   - 0.
   - 0.
   - 0.
   - 1.61999986e-01
   - 1.65199995e-01
   - 1.52599975e-01
   - 4.91600037e-01
   - 0.
   - 0.
   - 0.
   - 0.
   - 0.
   - 0.
   - 1.22600004e-01
   - 1.31200045e-01
   - 1.06599987e-01
   - 3.92999977e-01
   - 0.
   - 0.
   - 0.
   - 0.
   - 0.
   - 0.
   - 9.69999954e-02
   - 1.03599988e-01
   - 9.23999771e-02
   - 3.19800079e-01
   - 0.
   - 0.
   - 0.
   - 0.
   - 0.
   - 0.
   - 7.40000010e-02
   - 8.28000009e-02
   - 7.40000010e-02
   - 2.67600000e-01
   - 0.
   - 0.
   - 0.
   - 0.
   - 0.
   - 0.
ThreeanglechaName:
   - 9.88000035e-01
   - 6.94000125e-02
   - 7.52999961e-01
   - -1.85660005e+00
   - 0.
   - 0.
   - 0.
   - 0.
   - 0.
   - 0.
   - 1.19480002e+00
   - 7.98000097e-02
   - 1.24140000e+00
   - -2.95120001e+00
   - 0.
   - 0.
   - 0.
   - 0.
   - 0.
   - 0.
   - 1.29299998e+00
   - 1.01399980e-01
   - 1.32039988e+00
   - -2.31579995e+00
   - 0.
   - 0.
   - 0.
   - 0.
   - 0.
   - 0.
   - 1.37719989e+00
   - 1.09000042e-01
   - 1.36780000e+00
   - -2.85440016e+00
   - 0.
   - 0.
   - 0.
   - 0.
   - 0.
   - 0.
   - 1.48460007e+00
   - 1.07800022e-01
   - 8.43800068e-01
   - -2.82740021e+00
   - 0.
   - 0.
   - 0.
   - 0.
   - 0.
   - 0.
ThreeanglecountName:
   - 4.
   - 4.
   - 4.
   - 4.
   - 3.59999990e+00
FourangleName:
   - 2.26400018e-01
   - 1.91800028e-01
   - 1.91799998e-01
   - 1.88599989e-01
   - 7.52800107e-01
   - 0.
   - 0.
   - 0.
   - 0.
   - 0.
   - 1.66999996e-01
   - 1.58999994e-01
   - 1.37200013e-01
   - 1.33400008e-01
   - 5.07199943e-01
   - 0.
   - 0.
   - 0.
   - 0.
   - 0.
   - 1.31200001e-01
   - 1.26200035e-01
   - 1.07999966e-01
   - 1.12199947e-01
   - 3.99199933e-01
   - 0.
   - 0.
   - 0.
   - 0.
   - 0.
   - 9.96000022e-02
   - 1.01199999e-01
   - 9.22000110e-02
   - 3.26199949e-01
   - 0.
   - 0.
   - 0.
   - 0.
   - 0.
   - 0.
   - 8.17999691e-02
   - 1.58600003e-01
   - 1.50600001e-01
   - 2.20000118e-01
   - 0.
   - 0.
   - 0.
   - 0.
   - 0.
   - 0.
FouranglechaName:
   - 8.88199985e-01
   - 6.51999936e-02
   - 6.60000145e-02
   - 9.03199971e-01
   - -2.49920011e+00
   - 0.
   - 0.
   - 0.
   - 0.
   - 0.
   - 1.15480006e+00
   - 8.91999975e-02
   - 8.11999813e-02
   - 1.05199993e+00
   - -2.94679976e+00
   - 0.
   - 0.
   - 0.
   - 0.
   - 0.
   - 1.26540005e+00
   - 1.00999996e-01
   - 7.88000226e-02
   - 1.14339995e+00
   - -2.87840009e+00
   - 0.
   - 0.
   - 0.
   - 0.
   - 0.
   - 1.35479999e+00
   - 1.03799984e-01
   - 1.10719991e+00
   - -2.83860016e+00
   - 0.
   - 0.
   - 0.
   - 0.
   - 0.
   - 0.
   - 1.41879988e+00
   - -1.05680001e+00
   - 2.91200012e-01
   - -2.24560022e+00
   - 0.
   - 0.
   - 0.
   - 0.
   - 0.
   - 0.
FouranglecountName:
   - 5.
   - 5.
   - 5.
   - 4.
   - 2.79999995e+00
FiveangleName:
   - 1.55060005e+00
   - 1.87999994e-01
   - 1.81599990e-01
   - 1.88799992e-01
   - 1.78800017e-01
   - 0.
   - 0.
   - 0.
   - 0.
   - 0.
   - 2.26000026e-01
   - 1.53200001e-01
   - 1.60800010e-01
   - 1.47399992e-01
   - 1.43000007e-01
   - 5.09200037e-01
   - 0.
   - 0.
   - 0.
   - 0.
   - 1.05000004e-01
   - 1.17399976e-01
   - 1.30600035e-01
   - 1.05599985e-01
   - 1.13800026e-01
   - 3.99999917e-01
   - 0.
   - 0.
   - 0.
   - 0.
   - 9.42000002e-02
   - 1.01199999e-01
   - 9.32000130e-02
   - 3.24800044e-01
   - 0.
   - 0.
   - 0.
   - 0.
   - 0.
   - 0.
   - 7.89999813e-02
   - 7.62000009e-02
   - 2.62199998e-01
   - 0.
   - 0.
   - 0.
   - 0.
   - 0.
   - 0.
   - 0.
FiveanglechaName:
   - 0.
   - 2.13400036e-01
   - 1.30200028e-01
   - 6.62000105e-02
   - 6.76000267e-02
   - 0.
   - 0.
   - 0.
   - 0.
   - 0.
   - 7.49200106e-01
   - 1.61999986e-01
   - 8.70000049e-02
   - 7.84000084e-02
   - 7.43600070e-01
   - -1.53759992e+00
   - 0.
   - 0.
   - 0.
   - 0.
   - 9.35200036e-01
   - 1.01199999e-01
   - 7.51999840e-02
   - 8.81999955e-02
   - 1.02760005e+00
   - -2.80839992e+00
   - 0.
   - 0.
   - 0.
   - 0.
   - 1.46000004e+00
   - 9.61999968e-02
   - 1.03600010e-01
   - -2.77800012e+00
   - 0.
   - 0.
   - 0.
   - 0.
   - 0.
   - 0.
   - 1.50300002e+00
   - 1.35520005e+00
   - -2.76139975e+00
   - 0.
   - 0.
   - 0.
   - 0.
   - 0.
   - 0.
   - 0.
FiveanglecountName:
   - 4.
   - 5.80000019e+00
   - 6.
   - 4.
   - 3.
SixangleName:
   - 1.85799980e+00
   - 9.67399955e-01
   - 0.
   - 0.
   - 0.
   - 0.
   - 0.
   - 0.
   - 0.
   - 0.
   - 3.09799969e-01
   - 8.51400018e-01
   - 6.05199993e-01
   - 0.
   - 0.
   - 0.
   - 0.
   - 0.
   - 0.
   - 0.
   - 1.86600000e-01
   - 1.72199994e-01
   - 1.72000021e-01
   - 4.75599945e-01
   - 0.
   - 0.
   - 0.
   - 0.
   - 0.
   - 0.
   - 1.41400009e-01
   - 1.23400010e-01
   - 3.93400013e-01
   - 0.
   - 0.
   - 0.
   - 0.
   - 0.
   - 0.
   - 0.
   - 8.22000057e-02
   - 9.51999798e-02
   - 3.29399973e-01
   - 0.
   - 0.
   - 0.
   - 0.
   - 0.
   - 0.
   - 0.
SixanglechaName:
   - 0.
   - 8.24000239e-02
   - 0.
   - 0.
   - 0.
   - 0.
   - 0.
   - 0.
   - 0.
   - 0.
   - 8.07799995e-01
   - 5.19800007e-01
   - -2.33279991e+00
   - 0.
   - 0.
   - 0.
   - 0.
   - 0.
   - 0.
   - 0.
   - 1.01199996e+00
   - 2.59000003e-01
   - 1.09480011e+00
   - -2.86860013e+00
   - 0.
   - 0.
   - 0.
   - 0.
   - 0.
   - 0.
   - 1.11280000e+00
   - 1.21240008e+00
   - -2.83739996e+00
   - 0.
   - 0.
   - 0.
   - 0.
   - 0.
   - 0.
   - 0.
   - 1.19140005e+00
   - 1.04920018e+00
   - -2.81200004e+00
   - 0.
   - 0.
   - 0.
   - 0.
   - 0.
   - 0.
   - 0.
